# Las fechas de 2015 en las cuales se cumple todo
        57
        58
        63
        64
        65
        66
        67
        68
        72
        73
        74
        75
        76
        80
        83
        84
        85
        87
        88
        89
        91
        92
        93
       106
       107
       108
       109
       110
       111
       112
       113
       114
       115
       116
       117
       118
       119
       120
       122
       123
       124
       125
       126
       127
       128
       129
       132
       133
       134
       135
       136
       137
       138
       141
       239
       259
       264
       266
       269
       271
       272
       273
       274
       275
       276
       277
       278
       279
       280
       281
       282
       283
       284
       285
       286
       287
       288
       289
       290
       291
       292
       293
       294
       295
       296
       297
       298
       299
       300
       301
       302
       303
       304
       305
       306
       307
       308
       309
       310
