# Las fechas de 2017 en las cuales se cumple todo
        18
       110
       111
       112
       113
       114
       115
       116
       117
       118
       119
       120
       121
       122
       123
       124
       125
       126
       127
       128
       129
       131
       132
       133
       135
       139
       140
       141
       142
       143
       144
       145
       146
       148
       149
       150
       151
       152
       153
       154
       155
       156
       157
       158
       160
       161
       164
       165
       166
       167
       168
       172
       279
       280
       284
       285
       287
       289
       292
       293
       299
       306
       318
