# Las fechas de 2016 en las cuales se cumple todo
        54
        67
        71
        72
        76
        77
        79
        80
        81
        86
        87
        88
        89
        90
        91
        92
        93
        97
        98
        99
       100
       101
       102
       103
       104
       105
       106
       107
       108
       110
       111
       112
       113
       114
       311
       313
       319
       320
       336
       349
