#        dia          SZA          altitud        Z_MSO
       298          0          1          1
       299          0          1          1
       284          0          1          1
       286          0          1          1
       285          0          1          1
       280          0          1          1
       278          0          1          1
       296          0          1          1
       289          0          1          1
       291          0          1          1
       304          0          1          1
       279          0          1          1
       300          0          1          1
       283          0          1          1
       287          0          1          1
       274          0          1          1
       302          0          1          1
       290          0          1          1
       295          0          1          1
       303          0          1          1
       301          0          1          1
       277          0          1          1
       282          0          1          1
       275          0          0          1
       281          0          1          1
       292          0          1          1
       293          0          1          1
       294          0          1          0
       297          0          1          1
       288          0          1          1
       276          0          1          1
        58          0          1          0
        51          0          0          0
        56          0          1          0
        45          0          0          0
        35          0          1          0
        32          0          1          0
        54          0          1          0
        52          0          1          0
        59          0          1          0
        55          0          1          0
        46          0          1          0
        33          0          1          0
        34          0          1          1
        39          0          1          0
        53          0          1          0
        42          0          1          0
        47          0          1          0
        57          0          1          0
        49          0          1          0
        37          0          1          0
        41          0          1          0
        48          0          1          0
        36          0          0          0
        50          0          1          0
        40          0          0          0
        38          0          1          0
        43          0          0          0
        44          0          1          0
       146          0          1          1
       126          0          1          1
       144          0          1          1
       133          0          1          1
       142          0          1          1
       122          0          1          1
       150          0          1          1
       131          0          1          1
       124          0          1          1
       141          0          1          1
       136          0          1          1
       140          0          1          1
       125          0          1          1
       137          1          1          1
       143          0          1          1
       147          0          1          1
       128          0          1          1
       121          0          1          1
       135          0          1          1
       123          0          1          1
       151          0          1          1
       134          0          1          1
       132          0          1          1
       127          0          1          1
       145          0          1          1
       148          0          1          1
       139          0          1          1
       138          0          1          1
       130          0          1          1
       129          0          1          1
       149          0          1          1
        72          0          1          0
        62          0          1          1
        75          0          1          1
        84          0          1          0
        73          0          1          0
        69          0          1          1
        71          0          1          0
        86          0          1          1
        87          0          1          0
        88          0          1          0
        89          0          1          1
        90          0          1          1
        78          0          1          0
        68          0          1          1
        61          0          1          1
        80          0          1          1
        64          0          0          0
        79          0          1          1
        63          0          1          0
        74          0          1          1
        81          0          1          0
        65          0          1          0
        77          0          1          0
        83          0          1          0
        76          0          1          0
        66          0          1          0
        60          0          1          0
        85          0          1          0
        82          0          1          0
        70          0          1          0
        67          0          1          0
       357          0          1          0
       348          0          1          0
       355          0          0          0
       363          0          1          0
       342          0          1          0
       345          0          1          1
       340          0          1          0
       364          0          1          0
       349          0          1          0
       359          0          1          0
       365          0          1          0
       337          0          1          0
       346          0          1          0
       361          0          1          0
       339          0          1          0
       356          0          1          0
       343          0          1          1
       347          0          1          0
       341          0          1          0
       362          0          1          0
       352          0          1          0
       360          0          1          0
       351          0          1          0
       354          0          1          0
       344          0          1          0
       358          0          0          0
       338          0          1          0
       353          0          1          0
       336          0          1          1
       350          0          1          0
       335          0          1          0
       228          0          0          1
       214          0          0          1
       235          0          0          1
       219          0          1          1
       218          0          0          1
       225          0          0          1
       230          0          0          1
       223          0          0          0
       241          0          0          1
       222          0          0          1
       221          0          0          1
       226          0          0          1
       232          0          1          1
       237          0          0          1
       220          0          0          1
       239          0          1          1
       238          0          0          1
       234          0          1          1
       227          0          1          1
       240          0          0          1
       216          0          0          1
       243          0          0          1
       233          0          1          1
       224          0          0          1
       215          0          0          1
       213          0          0          1
       236          0          0          1
       231          0          0          1
       242          0          0          1
       229          0          0          1
       217          0          0          1
       201          0          0          1
       188          0          0          1
       207          0          1          1
       199          0          0          1
       206          0          0          1
       209          0          0          1
       195          0          0          1
       193          0          1          1
       205          0          1          1
       212          0          0          1
       187          0          0          0
       202          0          0          1
       198          0          0          0
       194          0          0          1
       186          0          1          1
       200          0          0          1
       182          0          1          1
       192          0          1          1
       211          0          0          1
       203          0          1          1
       197          0          0          1
       183          0          0          1
       208          0          1          1
       185          0          1          1
       191          0          0          1
       204          0          0          1
       196          0          1          1
       184          0          0          1
       189          0          0          0
       210          0          0          1
       190          0          0          1
       325          0          0          0
       326          0          1          1
       329          0          1          0
       320          0          1          1
       318          0          1          1
       333          0          1          0
       310          0          1          1
       307          0          1          1
       332          0          1          0
       314          0          1          0
       317          0          1          1
       311          0          1          1
       319          0          1          1
       324          0          1          0
       309          0          1          0
       330          0          1          0
       321          0          1          1
       331          0          1          1
       306          0          1          1
       322          0          1          1
       334          0          1          0
       316          0          1          0
       315          0          1          0
       305          0          1          1
       328          0          1          0
       312          0          1          1
       313          0          1          1
       327          0          1          1
       323          0          1          1
       308          0          1          1
        15          0          1          0
        13          0          1          0
         1          0          1          0
         4          0          1          0
        31          0          0          0
        11          0          1          0
        20          0          1          0
        30          0          1          0
         2          0          1          0
        14          0          1          0
         8          0          1          0
         3          0          1          0
        10          0          1          0
        25          0          0          0
        27          0          1          0
        22          0          1          0
         5          0          1          0
         7          0          1          0
        28          0          1          0
        19          0          1          0
         9          0          1          0
         6          0          0          0
        18          0          1          0
        21          0          1          0
        24          0          1          0
        26          0          1          0
        23          0          1          0
        12          0          1          0
        29          0          1          0
        16          0          1          0
        17          0          1          0
       179          0          1          1
       157          0          1          1
       158          0          1          1
       174          0          1          1
       171          0          1          1
       162          0          0          0
       155          0          1          1
       177          0          0          1
       152          0          1          1
       161          0          1          1
       173          0          0          1
       176          0          0          1
       181          0          1          1
       175          0          1          1
       154          0          1          1
       156          0          1          1
       163          0          1          1
       159          0          1          1
       170          0          1          1
       180          0          1          1
       153          0          1          1
       165          0          1          1
       178          0          1          1
       166          0          1          1
       160          0          1          1
       168          0          1          1
       167          0          1          1
       164          0          1          1
       169          0          1          1
       172          0          1          1
       101          0          1          1
       100          0          1          1
       114          0          1          1
        96          0          0          1
       120          0          1          1
        98          0          1          1
       117          0          0          1
        95          0          1          0
       102          0          1          1
       119          0          1          1
        93          0          1          0
       118          0          1          1
        97          0          1          1
        99          0          1          1
       111          0          1          1
       109          0          0          1
       106          0          1          1
       104          0          1          1
       113          0          1          1
       110          0          1          1
       103          0          1          1
       115          0          1          1
       116          0          1          1
        91          0          1          1
       107          0          1          1
       108          0          1          1
        94          0          1          1
       105          0          1          1
        92          0          1          0
       112          0          1          1
       247          0          0          1
       268          0          1          1
       260          0          1          1
       245          0          1          1
       263          0          1          1
       255          0          0          1
       246          0          0          1
       258          0          0          1
       249          0          1          1
       248          0          1          1
       259          0          1          1
       269          0          1          1
       266          0          1          1
       265          0          1          1
       252          0          0          1
       272          0          1          1
       264          0          1          1
       254          0          1          1
       271          0          1          1
       256          0          1          1
       253          0          1          1
       267          0          1          1
       270          0          1          1
       244          0          0          1
       262          0          1          1
       251          0          1          1
       250          0          1          1
       257          0          1          1
       273          0          1          1
       261          0          1          1
