2016	76	18.2167	18.2204	18.235	18.2476
2016	79	22.695	22.699	22.701	22.707
2016	78	6.1191	6.1284	6.1326	6.1474
2016	86	7.4097	7.4135	7.4144	7.4248
2016	87	1.3276	1.3359	1.3457	1.3579
2016	87	5.8719	5.8818	5.8885	5.9071
2016	89	20.671	20.689	20.707	20.724
2016	92	2.5544	2.5761	2.5861	2.6213
2016	92	7.0764	7.0811	7.0922	7.1072
2016	92	11.5494 11.558  11.5626 11.5852
2016	96	14.211	14.228	14.247	14.257
2016	96	18.65	18.667	18.68	18.69
2016	96	23.184	23.188	23.194	23.204
2016	336	11.3241	11.3461	11.3500	11.3605
2017	324	7.915994	7.94909	7.95453	7.984906
2017	323	1.388769	1.411929	1.505929	1.586307
2015	267	5.350065	5.413054	5.45215	5.491867
2017	328	12.2383	12.2472	12.2828	12.3229
2015	276	7.83308	7.839995	7.854209	7.872266
2015	283	12.6624	12.6764	12.6890	12.6938
2015	285	19.29877	19.31378	19.32459	19.3414
2016	351	11.05373	11.06051	11.07054	11.08258
2016	110	19.31354	19.31733	19.3237	19.33093
2015	267	5.432297	5.446291	5.452211	5.46728
2016	079	18.17179	18.17512	18.1814	18.18645
2016	091	13.0664	13.07095	13.076	13.0824

2016	096	5.258838	5.268676	5.276777	5.290666
2016	076	13.72885027181714	13.756905176362512	13.80132544189268	13.831718255150165	
2015	263	1.151614254933827	1.1981692259169905	1.242608061855465	1.2775242900928374	
2015	267	5.409669302986687	5.435682720218549	5.468979894275331	5.4866690179929964	
2015	271	0.4329574617254155	0.45001724058594805	0.4732805753957652	0.5291125789393263	
2015	272	3.651188999658605	3.667667001682542	3.7191607580073445	3.7490271366757297	
2015	272	8.29594033895065	8.31149395711002	8.350378002508444	8.364376258851877	
2016	076	9.172270177469136	9.217447653838734	9.328337823109567	9.36940825617284	
